ITS2 type profile UID		27	26	34	28	30	31	29	32	33
Clade		A	A	A	A	C	C	C	C	D
Majority ITS2 sequence		A4	A4	A4	noName	C31	C1d	C1b	C31.1	D1
Associated species		S. linucheae	S. linucheae	S. linucheae	None	None	None	None	None	S. glynnii
ITS2 profile abundance local		23	9	2	1	2	2	1	1	1
ITS2 profile abundance DB		23	9	2	1	2	2	1	1	1
ITS2 type profile		A4-A4.3-A4a-A4e-A4s	A4-A4a-A4.3-A4e-A4s-1411	A4	4389	C31	C1d	C1b	C31.1	D1
384	R20-A2	0.9823290615298893	0	0	0	0	0	0	0	0
393	R20-A1	0.9738146885652308	0	0	0	0	0	0	0	0
426	R17-A4	0.9719797887000459	0	0	0	0	0	0	0	0
392	R19-A1	0.9579413392363033	0	0	0	0	0	0	0	0
387	R17-A1	0.9534516765285996	0	0	0	0	0	0	0	0
408	R17-A2	0.9468154957321077	0	0	0	0	0	0	0	0
412	R7-A1	0.9422180801491147	0	0	0	0	0	0	0	0
388	R29-A2	0.9397669456753651	0	0	0	0	0	0	0	0
394	R8-A1	0.9312113914773321	0	0	0	0	0	0	0	0
405	R29-A1	0.9296555252387448	0	0	0	0	0	0	0	0
397	R7-A4	0.9252641824249166	0	0	0	0	0	0	0	0
401	R19-A2	0.925004539676775	0	0	0	0	0	0	0	0
396	R32-A4	0.8958409008354522	0	0	0	0	0	0	0	0
400	R7-A2	0.8859755744631591	0	0	0	0	0	0	0	0
398	R32-A2	0.8816652097902098	0	0	0	0	0	0	0	0
420	R28-A1	0.8751227495908347	0	0	0	0	0	0	0	0
382	R37-A1	0.8683088583609664	0	0	0	0	0	0	0	0
395	R11-A1	0.8650797522072095	0	0	0	0	0	0	0	0
411	R36-A1	0.8487569060773481	0	0	0	0	0	0	0	0
410	R32-A1	0.8469387755102041	0	0	0	0	0	0	0	0
389	R11-A2	0.8212660322714108	0	0	0	0	0	0	0	0
390	R20-A4	0.6749999999999999	0	0	0	0.06323529411764706	0	0	0	0.05183823529411765
409	R37-A2	0.6571976967370442	0	0	0	0	0.11938579654510556	0.12092130518234165	0	0
421	R23-A4	0	0.9320211960635881	0	0	0	0	0	0	0
419	R35-A1	0	0.9204246214614878	0	0	0	0	0	0	0
386	R40-A2	0	0.9182421560740145	0	0	0	0	0	0	0
423	R40-A4	0	0.9125760362144575	0	0	0	0	0	0	0
425	R40-A1	0	0.904372329788201	0	0	0	0	0	0	0
383	R23-A2	0	0.9043409629044988	0	0	0	0	0	0	0
406	R26-A1	0	0.8985858923939419	0	0	0	0	0	0	0
385	R35-A2	0	0.8982831227729187	0	0	0	0	0	0	0
418	R23-A1	0	0.8818217510797016	0	0	0	0	0	0	0
424	R26-A4	0	0	0.04953145917001339	0.26773761713520755	0	0.2008032128514056	0	0	0
414	R8-A2	0	0	0.4218362282878412	0	0.13151364764267992	0	0	0	0
416	R11-A4	0	0	0	0	0	0	0	0.7232704402515723	0
422	R37-A4	0	0	0	0	0	0	0	0	0
417	R29-A4	0	0	0	0	0	0	0	0	0
415	R36-A2	0	0	0	0	0	0	0	0	0
413	R26-A2	0	0	0	0	0	0	0	0	0
407	R19-A4	0	0	0	0	0	0	0	0	0
404	R8-A4	0	0	0	0	0	0	0	0	0
403	R35-A4	0	0	0	0	0	0	0	0	0
402	R36-A4	0	0	0	0	0	0	0	0	0
399	R28-A2	0	0	0	0	0	0	0	0	0
391	R28-A4	0	0	0	0	0	0	0	0	0
Sequence accession / SymPortal UID		513-766-313-588-1206	513-313-766-588-1206-1411	513	4389	848	332	8	850	347
Average defining sequence proportions and [stdev]		0.632[0.025]-0.166[0.059]-0.091[0.052]-0.090[0.024]-0.021[0.011]	0.562[0.023]-0.183[0.018]-0.103[0.026]-0.071[0.014]-0.043[0.006]-0.038[0.010]	1.000[0.000]	1.000[nan]	1.000[0.000]	1.000[0.000]	1.000[nan]	1.000[nan]	1.000[nan]
